12123123233123
1231231
12312
31232.123123
12312.3123
1231.23.123
123lk1j31312
12
ABORT
12123123233123
12123123233123
12123123233123
1231231
12312
31232.123123
12312.3123
1231.23.123
123lk1j31312
12
1231231
12312
31232.123123
12312.3123
1231.23.123
123lk1j31312
12
1231231
12312
31232.123123
12312.3123
1231.23.123
123lk1j31312
12
ABORT
31232.123123
31232.123123
31232.123123
31232.123123
12312.3123
1231.23.123
12312.3123
1231.23.123
12312.3123
1231.23.123
12312.3123
1231.23.123
31232.123123
31232.123123
12312.3123
1231.23.123
12312.3123
1231.23.123
ABORT
AB
00000000000
00000000000000000000
0000000000
0
00000
00000000
